0.1496651580260947
-0.4918795971584172
-0.0831237818594920
-0.1363125522795497
0.1826749358000318
0.0814269851522133
0.1669114814423762
-0.0833914929905006
-0.1091564494610556
0.1144661757222244
0.3377108574562460
0.1693144088425726
0.0880574158310737
0.2806988143610666
-0.0888762457266681
-0.2821638631372972
-0.2475322842723848
0.1596908072945774
-0.2227209245356926
-0.0419992493928150
-0.4419038777606211
-0.5761254719152349
0.2970163857041486
0.0771502121012253
0.1109103481426862
0.2924392621224090
-0.0278335995902710
0.0654481261179745
0.0657723716562842
0.1387689923230601
0.1776284750862513
0.0298369429836870
0.0682225006067892
-0.0508843621230253
-0.3857008896947856
-0.0180152283702642
0.2812042426999349
-0.3353386248911208
0.0677782966809139
-0.3329225225229152
0.3872000402357800
-0.2898536993956877
0.0193441648159656
0.2042062632834715
0.2275196329690780
0.2243436529057414
-0.1592405119063180
-0.2621040358704931
0.3440289512743842
-0.1032908061666179
-0.5135848714059519
-0.0193586571570959
-0.0191448630970357
-0.0595260156377476
0.2493836160296443
-0.0465228821622664
0.1118634100787257
-0.0357132500637134
-0.0537802491443370
0.0669709698935031
-0.4073881069969817
0.0113190578396397
-0.2790518063233307
0.3949014139851785
0.4222554033771664
-0.3771128604470468
-0.0224202017165025
-0.1515270715884710
0.0032899365066749
0.2125429618834596
0.1578172656593853
0.1650930335193490
-0.1717681784524077
-0.0030788324415816
-0.3910121341867666
-0.1305108807076270
-0.0745166755223073
-0.0375111416832647
-0.2330577286441289
-0.1059835540046313
-0.0509896026924122
0.2402833405364550
-0.0441770004731623
0.1710502806011870
-0.1274585249470061
0.1426996009786077
-0.1463835368083700
-0.2787291520586678
0.2965040797717797
0.0746224257929150
0.0561858550103030
0.0475804908736897
-0.0639868321017848
-0.0349127833739853
-0.2083429446618079
0.1049335376180719
-0.0558646512919462
0.1423078451365753
-0.4421510809156179
-0.0388982009783176
0.0515020575160748
0.3534540363531415
0.0443560804089164
-0.0600389541537759
-0.1389705673604311
0.0541298624505505
0.3593817135914593
0.1552387547446285
-0.2655448581963685
-0.0596072079534045
0.0551076923232762
-0.1829432931007590
-0.1543932837834962
-0.0528265301250968
-0.1156261903071378
-0.0273062668170126
-0.1212151316011139
-0.2921721899065432
0.1234454857067497
0.2925234801329931
-0.4688407671227083
-0.0834693923620715
0.1202608358729862
0.2459813649525748
0.1602337633677795
-0.1079569379220393
0.1328494565638404
0.0957917320852833
0.2138591329623683
0.5911366773968998
0.3396389989150205
0.1384903923441191
-0.0362749736725897
-0.3841235409065807
-0.2250920410273095
-0.0507569068717285
0.1264456844286582
-0.0519638127350010
0.1582972020984888
-0.1104806358995159
-0.1673377230894896
0.0375823069433352
-0.1350149591955890
-0.5772549063263728
0.0139839556275174
0.3674738393892356
0.5042379789206981
-0.3247379685017086
-0.0708173830403888
0.0449213374801513
0.0804066091526980
-0.1703593590373063
0.1572837618056979
0.0921591454202821
0.0020701617800249
-0.0316427797070563
-0.1360239154249950
0.0679296194187963
-0.0933028558121732
0.0441798940709666
0.0360797349878264
0.3185862899662003
-0.2051215320137634
-0.0937518470183645
0.1438604893879661
-0.1780796578804703
-0.1469094473881211
0.1040600008224118
-0.2499133101755669
-0.3193755193962446
-0.0689586440944463
0.2872054661924264
0.1448757732232095
-0.2103508563151402
-0.0242695418622172
-0.0817877572035050
-0.2722289327851608
0.1451097950753464
0.1286501547992571
0.1258953228739512
-0.1404699015793039
-0.4861560251828180
-0.0988606183002687
-0.5354952434046792
0.9168916256337403
0.1627734710504432
0.3233048264961200
-0.2211286501573376
-0.1974139236331678
0.1137657040357814
0.0038037041090500
0.3254357548559410
-0.4073594085939096
-0.0065923941760424
0.0096015101783651
0.2034929016397614
0.2413989464305556
0.2705926046341637
-0.3668939563434843
-0.1924535468622956
0.0873403754825508
-0.0083005603507756
-0.2680234539041327
-0.0948584507487175
0.3098117093579805
0.1359928386094683
-0.0481114410751038
-0.1519142209190601
0.1143483856278264
0.1579202455507842
0.0449231015784218
0.0826284422961538
0.0234243673543952
0.3087865217639812
0.2055050372120601
0.1222172825994979
-0.2393672738420525
0.0664688443810611
0.3698222598240231
-0.0787636547403053
-0.5492217593952590
0.0656603745546406
0.0963667292967703
-0.0109054358013838
0.1968306396624241
-0.1302762472220138
-0.0654012276144281
-0.2200964315694032
0.3721163472760063
0.1573935697283254
-0.0097956471667713
-0.1644481471815990
0.0245733848804625
-0.0721619113131186
-0.6688678565496990
0.2091543440594582
-0.0352732617037899
-0.0118945929212470
0.1745255625390517
-0.1579399552460117
-0.1674157684179716
0.0203022342621510
0.0240495175316179
-0.4582131078684238
-0.2537211892970750
-0.1216008926590088
-0.2403156478292563
-0.0788642019376951
-0.5859985728839993
0.3386318368164125
0.2374184069032166
-0.1463219958036135
-0.0543495539878638
-0.2100442187661186
0.1617510731361668
0.0890787395819612
-0.1705384620003441
0.1922764545492910
0.1437313547424198
-0.0503372456291095
0.0157111441553692
-0.1841262067741491
-0.3887305735315771
-0.1067609384185809
0.2182020290407326
-0.1514747070407673
0.3440913492357515
0.3407703765326099
-0.2050991539037190
-0.1693323236463627
0.2395312276930180
-0.2262089865260817
-0.3270742338671708
-0.0899905741695671
-0.1507304341791494
-0.0050548339971342
0.0460407337189441
-0.0726487908238419
0.1527818046466219
0.4183672801408973
0.3646545463753285
0.2687817935909478
0.1310466141380549
-0.3428782052468584
-0.0468215399680540
0.0838859535434813
-0.0162094988091145
0.0762122800842589
0.2891640122268965
-0.0549811614589397
-0.2939808507453747
0.3419648204634890
-0.0964417127029257
-0.1139908134048400
0.1401472324456569
0.3970259393161097
-0.2919080752066868
0.0918602297962255
-0.0688864811184854
0.0036811359204904
-0.3008812291798534
-0.2841890201863065
-0.0621604173537944
0.3171223546138976
-0.0381292027313302
0.3787130416085996
-0.0265647780337939
-0.0387376147479575
-0.0545559670770783
0.2927154993949463
-0.1032416998031450
-0.0080443280030158
-0.0755388331667726
0.0174541147921208
-0.3353939822723004
-0.0219464681114380
-0.2408774750014078
0.0291234669454170
-0.1738252823582153
0.3728820357891262
-0.1402261548886416
0.5663330941818763
-0.3262537417444980
0.1247860953348092
0.3274758814289307
-0.1137533075916375
0.3466889911864766
-0.2000250398842097
0.0579103532613683
0.2068597758602891
0.5848550319989072
-0.1532218983502061
-0.2914535821280155
-0.0463840328885345
-0.1811303519798321
-0.2175168421712597
0.0333773064132261
0.3670779005616750
-0.5710463233472013
0.0337870405852976
0.2549368939147268
-0.0634153738452932
-0.2342203582424950
0.6056067483646779
0.2110968780681206
0.3638623040576118
0.0575403898193713
0.1594931262865768
-0.0037486159790062
0.2655311782623797
0.2275640988269839
-0.1474996972688368
-0.2598516845650088
0.1158210015579042
-0.3990611202887437
-0.2106131044497575
-0.2927444565280549
0.1042381169608039
0.2166143711473265
0.3890475651856941
0.1060664631130950
0.0290042692529881
0.3592889668706558
0.0209798873262541
0.1185307607975006
0.0057881225880299
0.1525837512679786
0.2447070843954435
0.0402854166412773
-0.2632821279935132
-0.1800238123305416
-0.1754228821323640
0.0530945611411441
0.1328944048193815
0.1802943108828198
-0.2038070906665744
-0.6781993624476080
0.0510730994618725
-0.0758161422404798
0.0826015528822438
-0.0462090308066756
-0.1498027792055685
0.3082036839610041
-0.1957227854634939
-0.0133154137443460
-0.2958229096450167
0.5649365299705301
0.1006864975325818
0.0421798494250540
-0.0798636793273983
0.0453052677562147
-0.4073697875779925
0.1366949947115478
0.0455659365124571
-0.2289229851252870
0.0177287892472016
-0.0643261392363064
0.1472081353486392
-0.6492482886701503
0.1935404801420568
-0.0706365830844004
0.0172327482494541
0.2436347741868023
0.5916816546567691
0.0162837307532781
-0.1695604904445563
-0.0656405635195151
0.2076457795077033
-0.1087738496436859
-0.4357000652591774
-0.4168542184500493
-0.2340653362631935
-0.4422322826441658
0.5084719137612614
0.2081105782344562
-0.2192554955299675
-0.0410224000871712
0.2050328064643493
-0.0256809808836574
0.2224944463016245
-0.2005125489282947
0.4190083838456958
0.0405393595385274
-0.3474276739893546
0.2381608893576508
-0.0607275455083777
-0.0320156377648632
0.0371163612584470
-0.2158440238423205
-0.2230483340565708
-0.3539465339655065
-0.0638149851403517
0.0698197727256825
0.0056983481731252
-0.4820117025013446
-0.1285101994770906
0.1060400376325195
-0.0501744818450648
0.3727558530066300
0.2568466329258083
0.4778759502482911
0.1932362358038583
-0.2471807315822282
-0.1754871544691522
-0.4465065802637069
-0.4159255504256504
-0.3384693330703127
0.0428397442189764
-0.0194420216699268
0.2203328553891581
0.0858309892848885
0.1994802739615015
0.1154224257869660
0.1288626173010864
0.3473590378859940
-0.3018281541395300
0.0566735146159694
0.1329001509987202
0.0297228753161576
-0.1337640203325742
0.2312129164216700
-0.2994760793917350
0.0107591613236734
-0.2947321961862441
-0.2275556175688493
0.3836718553407837
0.1276064508859573
0.1488606657608344
0.1910069588733992
-0.1664716070374404
0.5443532033768259
-0.2345921805111585
0.0673527368730225
0.2462001999038002
-0.4895397573531540
-0.2596610557555277
-0.0612300736014707
0.3113585904093335
-0.1471603819933321
0.3087196373457587
0.2613103429061209
-0.3014605215574416
0.3955974341534833
0.2411990744577531
-0.0709206578293487
0.0593914269322503
-0.0018779656773971
-0.1850157732699078
-0.1012646758901688
0.0237630146673147
-0.2422895820233854
0.5362556927647492
-0.1177926252729815
0.2036448371610978
0.0506477149835763
0.1959729916163444
0.3620313150986590
0.3772280258870733
0.0759492437827800
-0.0369113243706745
-0.1892814674969431
0.2996970363151127
-0.2136361301940293
0.1254141142101750
-0.4738921480818171
0.0483634962662036
0.5855222778173850
0.0817347688534499
0.0206234698561814
0.1658253751955578
0.0839146432511914
0.0086818845925904
0.0627217845720428
0.2270147733307306
-0.0086989084404001
0.2122184394784486
-0.3080000335378246
0.1245571992532449
0.0719577689831739
-0.1567987988710758
0.4125132748633409
-0.5269247498078765
0.1498843458047417
-0.0429756010602090
0.0911432366181623
0.1179526512338186
0.3400492227558055
0.3933912146197525
-0.0285133034893101
0.1066915401522333
-0.0645139788442518
0.1211929074646637
-0.0000360657795542
0.0587782250572191
0.4600670334199545
-0.1302911867296907
-0.0079020285970878
-0.5674450088680509
0.0537765835018349
0.2748804333098345
-0.3882697295190005
-0.1400555254859920
0.1517875726425595
-0.0791891960708151
0.2096879303966535
-0.0046853578305680
-0.3860979472141751
0.1457885834587475
-0.0877848619943854
0.2831896950138150
0.1369225653974464
-0.3153654950843433
-0.0026508976648633
-0.2735345794679356
-0.0298862930238391
0.0018570015976275
-0.0942723016749765
0.2814450997399484
-0.0244672520998059
0.1288740071319770
-0.3268869458880002
-0.4397735189489763
0.1245809316088616
-0.0922505674300502
0.1122218063515245
0.2115870570849053
-0.1853713330784002
0.2098919988372867
0.2616250544546455
-0.2442864188357297
-0.3375789130672451
-0.0476060425116207
0.2437420125426681
-0.0916264809345062
0.2190722244854870
0.2988900961671672
0.4428585725561843
0.1917082903729738
-0.3058149768679482
0.0730995300676370
0.6038259672798154
0.0692583104379152
-0.2563807613872069
0.1452481804388751
0.2575121357625724
0.3392291790013860
0.1114486480858511
-0.0018162475906009
0.1782664737860910
0.0383214366104764
0.0070888974234678
-0.2901469792047906
-0.1004101442227963
-0.1886178104510446
-0.0834523403105314
-0.1082464953429638
-0.1042376759324439
-0.1050409076689772
-0.1193709319098313
0.2292142252464500
-0.0282522055974425
-0.3027690899352277
0.0690754149748775
-0.1872531301306882
0.0332183654254653
-0.2310941073439093
0.4942066900106857
0.2033901130284268
-0.0281525644705816
0.0722949173771918
-0.1222986780085785
-0.1644700431295940
0.0190222813684362
-0.0728687070604043
-0.0754186323223852
0.3117346301836046
0.2425236716568605
0.4475791628304414
-0.1276395347995519
-0.4486837335656240
-0.3762171481888009
0.0323038248548219
0.0912077031815059
-0.1051593639140554
-0.3023846989132159
0.4116800611034973
-0.0557804744351107
-0.0074464758052448
-0.1426597832030325
-0.2667367589620994
0.4638219067931467
0.2727653905077296
-0.1026987221361980
0.2054809344504453
-0.2127681066096753
0.0793365360715151
-0.0662572044883888
-0.1204548071008490
0.0432574775564393
0.2627280170028727
0.0627756398763714
-0.0897584172255341
0.2762404695254655
-0.2448586574304251
-0.3555198127430204
-0.3195783450192908
-0.0388572094527463
-0.0686114263614321
-0.1651008022664461
0.4116193964893169
-0.1370661362329871
-0.2602594390296881
0.2448840504049807
0.0609645027174217
0.0995356080931643
0.1070246939429654
-0.1589505703890531
0.1599587437549009
0.1765486946224798
0.0175872408721043
-0.0661184413685499
-0.0438546602284615
-0.0943538499683714
-0.0218577378199430
-0.0079114654853894
0.2031599831771122
-0.1322246519256449
0.1795290390735830
0.0860208088051466
-0.0269696052055641
-0.6725959543397815
-0.1736918432787806
0.0221693753932521
0.0770216210099167
0.8539076004277830
0.0430978501186035
0.1599640251285392
0.4851685728179585
0.0184642943777911
-0.0320694482342836
0.2047351426187953
-0.0328353412691734
-0.1219889018694621
-0.4092834838397190
-0.1551104173390455
-0.3590802715369955
-0.2447007336691637
-0.0666637161105881
-0.1817947494753077
0.3489770317398901
0.2599299487271331
0.3975560212617379
-0.1380491269090848
-0.1163656484664636
0.0191930551549953
0.0426069346992790
-0.0454454152111251
0.2720341616701240
-0.1892571630694738
-0.2642340803147142
0.1105172250048934
-0.1749485932134173
0.2359691759019421
0.3794219320947458
-0.1169287506778902
0.1120927658232428
0.0084795173254435
-0.0587053305624861
0.5007181093365503
-0.3285390157411241
0.2778430852576317
0.0659574570534019
0.1675582802876552
0.2304315970099765
0.2828048103442976
0.0432529803093462
0.2352043834010378
0.1308947281387504
-0.3269762703934307
-0.2990152549138395
0.5580429808874225
0.0101320813009949
0.0641400414886438
-0.2160054671118688
0.2000558894386756
-0.5625161580988658
0.0560512027611427
0.4753517464372595
-0.0528044158689624
-0.2435949001271482
0.3885125293102052
0.2700069991535986
-0.2286929815649810
0.0779060959555096
0.2294244762633553
0.1952215618225766
-0.0695477537472926
0.4970474068537332
0.1455246436968202
-0.4749141674323220
-0.3851238890188717
0.0088887021457721
0.3017081200776414
-0.1575919015792710
0.1921472811914215
0.2726316121144711
-0.0507501620998268
-0.1818627547024630
0.2521621064676348
-0.0571449991841975
-0.2156296294532904
-0.0783134682411732
0.0399397409836027
-0.0768663863694269
0.2992924020987683
0.3117291088822701
0.2087081299534973
-0.2746083420186140
-0.4574209040026984
-0.2443809300953343
0.0060473823923631
-0.0308328802310386
0.1374930509804758
0.2440338457672242
0.1522096493605929
-0.0067595416168824
-0.2976395967518514
-0.1333463453515492
-0.0306352432167746
0.4089894352194400
-0.0623834540945591
-0.0601179603230251
0.0368029081361108
0.0860878495277466
-0.1468660367536844
-0.2872153002490512
-0.1295896031281305
0.1436724023867673
-0.4290802245611181
-0.0603533538862771
-0.1402600268892024
-0.3690873123316828
0.1328773530912946
0.1102903412539680
-0.1716397636646081
-0.1578758176196424
0.0002217000679662
-0.1391976192295981
-0.0573340047088527
0.0374392138616918
-0.0124919361903197
0.1009358790080876
-0.0098397675420706
-0.3544319864000915
-0.4685940840336020
0.1561630390066869
0.3322700459774760
-0.2096998227553289
0.0374526508732353
-0.7797434455210985
-0.4168777386141431
0.4797972858475885
0.4870257534282904
0.1422577495264656
-0.0441647384902204
-0.1796433045141765
0.4474007569590055
0.0274720299062558
0.2372418654665825
0.3742020450999388
0.0643382906139387
-0.1203696727276828
-0.1862705291687283
0.1256360376699824
0.2796105919726958
-0.3082170305731640
-0.2692289075648444
0.3768148448317241
-0.2598071027245136
0.0276315383594106
-0.2076333256558658
0.3151800999080379
-0.1226834545523588
0.0136788341956932
0.0931209865266854
-0.2305513245183040
0.2020549417781947
-0.0774860518170501
0.0094488644010126
-0.3443604783982300
-0.0801237485869676
0.0060544033019137
0.1816666322788877
-0.2210565200064495
0.3070481802454900
-0.0363374325608270
-0.0881774431977298
0.0407702806859725
-0.3449566302981669
0.3881607745484443
0.1491370428254815
-0.0371800935570448
-0.2809495108478518
0.0752330686910692
0.1169992842838025
-0.4473296100971148
-0.2349342204778777
-0.0744927195642908
0.0218134491049507
-0.5757892018406264
0.2534241147758118
-0.0097126614010261
0.2121533594788663
0.0289327245887878
0.0306179121005830
0.4508670684938048
0.0351124493847694
-0.0554259125330445
-0.2291144442170308
0.2372214089630672
-0.2798143705829818
-0.0679466893132930
0.1899285853092149
-0.0990943681166484
-0.2311949623465242
-0.1073754675480735
-0.2050572774141348
-0.1698013898813132
0.1413362440599749
-0.0384993638244873
-0.2351735076329849
0.0705944810720677
0.0384539440332163
0.3800662607355429
-0.3281850502976370
-0.5900718684998578
0.3229701341247850
-0.2083019242833012
0.3615031430337722
-0.1072619541581387
-0.1701401193563956
-0.1766855217210163
0.3355890558109702
-0.3561755400382701
0.3762714996584901
-0.4050989866840712
0.2786018108071247
0.0233795106170003
-0.0755715537458092
-0.0113846103030225
-0.0655187262543091
-0.1917150096300648
-0.0956126805903544
-0.3476502549977731
0.1177563266743141
0.0562104756918968
0.0706676057775414
0.1205441716508951
-0.2195919375738532
-0.0847655020863255
0.1411429812803979
-0.0014889261987733
-0.0797901094699733
-0.0038321838513573
-0.0147403607894565
-0.0180460146586462
0.2461307238238243
0.0932881344598434
-0.1387015430661436
0.1245909027692385
-0.3259507182754320
-0.1448578204261964
0.0545658769293742
0.1250681132528619
-0.1877414212612997
0.4269851096323282
-0.0354504452784293
-0.1243264627778793
-0.1466942938944585
0.4727329176549679
-0.1588369414439444
0.1923035162190394
0.2150602361773828
-0.2650237102991609
0.0222850565700515
0.1830526626186636
-0.0966491343662411
0.2374179561831871
-0.4622452691738315
-0.1605824176095102
-0.1753899077013600
-0.1329063543013034
-0.2011953947605660
-0.3936259918247993
0.0504407994065544
-0.1485332719260755
-0.0114454288015457
0.4512320135919340
0.0218022077425871
0.0051838939315942
0.1192079608080995
0.0997818710037165
-0.1873835232808710
-0.0278975408728765
-0.3926327432417739
0.0786032692247278
-0.3181391799654064
0.0453220069574451
0.2506083609559088
0.0554028407470968
-0.4995115656908823
-0.4612466875441992
0.0533376499542256
-0.0331570340647314
0.0499774429769177
0.0266205480251760
0.5075468882422826
-0.1258181371640943
0.5490561277579876
-0.1165245592336369
0.2806144935849098
0.0528153292924037
0.0493165922394505
0.0374167470025560
-0.0573359239959648
-0.0168969096597278
0.3289785971840290
-0.3964517150684873
0.1947408398713973
0.1771648701493881
-0.1010141529229805
0.1472533503704287
-0.0599836926002731
-0.1786100121296337
0.2613819827939259
0.2241075833575874
-0.2298394463528004
-0.2574553793276748
-0.2667521048403972
-0.0201807314385497
0.0573220455891565
-0.2411811519011168
0.1431336879344488
-0.0032867344312784
0.0915165240564913
-0.0944179853950062
-0.2252930141632153
0.0774457414442088
-0.2055853656863154
-0.0226960097911908
-0.3325648196786845
-0.2057657074005940
0.0234238482901570
-0.1830475181080153
0.1659338716698837
-0.1639374277607098
-0.1255995701545142
0.3521855493718979
-0.1532914190020355
-0.1989084506990310
